,Latitude,Longitude
0,-99.1998814700677,19.514973772689686
1,-99.04988444577864,19.503763209359164
2,-99.08183324826291,19.317657715749906
3,-99.2636270906982,19.45643873311655
4,-98.99829665047127,19.442482281781523
5,-99.07918867207636,19.435830474833008
6,-99.2386497718668,19.306833732506085
7,-99.19386259673102,19.374772418586318
8,-99.11327486884959,19.371324551339782
9,-99.19549759697566,19.442219813210656
10,-99.04882010236321,19.378996764725105
11,-98.98373971139657,19.35953021333459
12,-99.17958079800769,19.253381945294855
13,-99.14289271626089,19.416880231023086
14,-99.12057830987428,19.543832165418166
15,-99.15645421790714,19.322112736997415
16,-99.0989860643073,19.24688350868312
17,-99.0177939472355,19.28607208618753
18,-99.13029535580577,19.476661094706284
19,-99.26527026528169,19.377037090216497
